N	Z	EL	MASS		Mass(MeV)
1	0	n	1008664.91574	939.5654178888
0	1	p	1007276.46681	938.272046
2	2	a	4001506179125	3727.379240
0	1	1H	1007825.03207	938.7830712055
1	1	2H	2014101.77785	1876.1239228668
2	1	3H	3016049.27767	2809.4321074589
1	2	3He	3016029.31914	2809.4135162059
0	3	3Li	3030775		2823.1490309275
3	1	4H	4027806.424	3751.8779198981
2	2	4He	4002603.25415	3728.4013158815
1	3	4Li	4027185.558	3751.2995868822
4	1	5H	5035311.488	4690.3629427342
3	2	5He	5012223.624	4668.8567336366
2	3	5Li	5012537.8	4669.149386727
1	4	5Be	5040790		4695.466144339
5	1	6H	6044942.594	5630.8283611497
4	2	6He	6018889.124	5606.5597075602
3	3	6Li	6015122.794	5603.0513933865
2	4	6Be	6019726.317	5607.3395479002
1	5	6B	6046810		5632.567838821
6	1	7H	7052749		6569.5940822809
5	2	7He	7028020.618	6546.5597403454
4	3	7Li	7016004.548	6535.3668420352
3	4	7Be	7016929.828	6536.228734896
2	5	7B	7029917.901	6548.3270482659
6	2	8He	8033921.897	7483.5508469163
5	3	8Li	8022487.362	7472.8996450276
4	4	8Be	8005305.103	7456.8944721444
3	5	8B	8024607.233	7474.8742923568
2	6	8C	8037675.025	7487.0468635049
7	2	9He	9043950.286	8424.3863321023
6	3	9Li	9026789.505	8408.4011658494
5	4	9Be	9012182.201	8394.7945483565
4	5	9B	9013328.782	8395.8625817932
3	6	9C	9031036.689	8412.357392687
8	2	10He	10052398.837	9363.7502075124
7	3	10Li	10035481.259	9347.9915834191
6	4	10Be	10013533.818	9327.5476716175
5	5	10B	10012936.992	9326.9917317198
4	6	10C	10016853.228	9330.639682448
3	7	10N	10041653.674	9353.7411515743
8	3	11Li	11043797.715	10287.232413116
7	4	11Be	11021657.749	10266.6091654128
6	5	11B	11009305.406	10255.1030307871
5	6	11C	11011433.613	10257.0854430512
4	7	11N	11026090.956	10270.7386715774
9	3	12Li	12053780	11228.024952698
8	4	12Be	12026920.737	11203.0057076832
7	5	12B	12014352.104	11191.2981001986
6	6	12C	12000000	11177.9292
5	7	12N	12018613.197	11195.2672831876
4	8	12O	12034404.895	11209.9771567036
9	4	13Be	13035693.007	12142.6711254318
8	5	13B	13017780.217	12125.9854672322
7	6	13C	13003354.83778	12112.5483115985
6	7	13N	13005738.609	12114.7687804257
5	8	13O	13024812.213	12132.5357300174
10	4	14Be	14042892.92	13080.8719019118
9	5	14B	14025404.009	13064.5810844998
8	6	14C	14003241.9887	13043.9372933463
7	7	14N	14003074.00478	13043.7808173159
6	8	14O	14008596.25	13048.9247561571
5	9	14F	14035060	13073.575583146
11	4	15Be	15053460	14022.209174586
10	5	15B	15031103.021	14001.3837805537
9	6	15C	15010599.256	13982.2846444284
8	7	15N	15000108.89823	13972.5129380587
7	8	15O	15003065.617	13975.2671041484
6	9	15F	15018009.103	13989.1868731908
12	4	16Be	16061920	14961.583714672
11	5	16B	16039808.829	14940.9872893414
10	6	16C	16014701.252	14917.5997295006
9	7	16N	16006101.658	14909.5892584272
8	8	16O	15994914.61956	14899.1685981239
7	9	16F	16011465.724	14914.5858542582
6	10	16Ne	16025761.262	14927.9020635616
12	5	17B	17046989.906	15879.1705201986
11	6	17C	17022586.116	15856.4385337959
10	7	17N	17008450.261	15843.271068265
9	8	17O	16999131.703	15834.5908864675
8	9	17F	17002095.237	15837.3514009036
7	10	17Ne	17017671.504	15851.8606017141
13	5	18B	18056170	16819.215823597
12	6	18C	18026759.354	16791.8199803708
11	7	18N	18014078.959	16780.0082672426
10	8	18O	17999161.001	16766.1122773816
9	9	18F	18000937.956	16767.7675004801
8	10	18Ne	18005708.213	16772.210966731
7	11	18Na	18025969	16791.0837702829
14	5	19B	19063730	17757.752018993
13	6	19C	19034805.018	17730.8085689174
12	7	19N	19017028.697	17714.2500307862
11	8	19O	19003580.13	17701.7227699722
10	9	19F	18998403.224	17696.900512577
9	10	19Ne	19001880.248	17700.1393399185
8	11	19Na	19013877.499	17711.3147084413
7	12	19Mg	19035470	17731.427995727
14	6	20C	20040319.754	18667.4396129645
13	7	20N	20023365.807	18651.6471113622
12	8	20O	20004076.742	18633.6794611202
11	9	20F	19999981.315	18629.8645950327
10	10	20Ne	19992440.17542	18622.8400680067
9	11	20Na	20007351.328	18636.7297186592
8	12	20Mg	20018862.545	18647.4523493785
15	6	21C	21049340	19607.336018894
14	7	21N	21027108.24	19586.6272656214
13	8	21O	21008655.886	19569.4390067393
12	9	21F	20999948.951	19561.3285481577
11	10	21Ne	20993846.684	19555.6443224506
10	11	21Na	20997655.206	19559.1919382233
9	12	21Mg	21011712.91	19572.2866065588
8	13	21Al	21028040	19587.495194564
16	6	22C	22057200	20546.15166252
15	7	22N	22034394.934	20524.9088780909
14	8	22O	22009966.947	20502.1543523255
13	9	22F	22002998.815	20495.6635784795
12	10	22Ne	21991385.113	20484.8454835873
11	11	22Na	21994436.425	20487.6877627126
10	12	22Mg	21999573.843	20492.4732372688
9	13	22Al	22019520	20511.052964832
8	14	22Si	22034530	20525.034691273
16	7	23N	23041220	21462.760486802
15	8	23O	23015687.659	21438.9772618013
14	9	23F	23003574.631	21427.6940476862
13	10	23Ne	22994466.904	21419.2102537213
12	11	23Na	22989769.28087	21414.8344454916
11	12	23Mg	22994123.669	21418.8905323439
10	13	23Al	23007267.432	21431.1338700301
9	14	23Si	23025520	21448.136029432
17	7	24N	24051040	22403.401858864
16	8	24O	24020472.917	22374.9288013953
15	9	24F	24008115.485	22363.4179263961
14	10	24Ne	23993610.779	22349.9068783349
13	11	24Na	23990962.782	22347.4402847526
12	12	24Mg	23985041.699	22341.9248308725
11	13	24Al	23999938.865	22355.8014531082
10	14	24Si	24011545.616	22366.6130731849
9	15	24P	24034350	22387.855222335
18	7	25N	25060660	23343.856932106
17	8	25O	25029460	23314.794316186
16	9	25F	25012101.747	23298.6252059302
15	10	25Ne	24997736.888	23285.2444245244
14	11	25Na	24989953.968	23277.9946804636
13	12	25Mg	24985836.917	23274.1596717477
12	13	25Al	24990428.095	23278.4363269667
11	14	25Si	25004105.574	23291.1768179581
10	15	25P	25020260	23306.224570466
18	8	26O	26038340	24254.560083794
17	9	26F	26019615.555	24237.1183737507
16	10	26Ne	26000461.206	24219.2762106679
15	11	26Na	25992633	24211.9842829653
14	12	26Mg	25982592.929	24202.6320160652
13	13	26Al	25986891.692	24206.636288437
12	14	26Si	25992329.921	24211.701966665
11	15	26P	26011780	24229.819600498
10	16	26S	26027880	24244.816655508
19	8	27O	27048260	25195.294605266
18	9	27F	27026760.086	25175.2675622245
17	10	27Ne	27007589.903	25157.4106498641
16	11	27Na	26994076.788	25144.8232629689
15	12	27Mg	26984340.585	25135.754047318
14	13	27Al	26981538.627	25133.1440399726
13	14	27Si	26986704.905	25137.9563974486
12	15	27P	26999230.236	25149.6236693756
11	16	27S	27018833	25167.8835283853
20	8	28O	28057810	26135.684473921
19	9	28F	28035670	26115.061194547
18	10	28Ne	28012071.575	26093.0794008902
17	11	28Na	27998938	26080.8455532658
16	12	28Mg	27983876.825	26066.8161576142
15	13	28Al	27981910.306	26064.9843567682
14	14	28Si	27976926.53246	26060.3420011199
13	15	28P	27992314.761	26074.6760452144
12	16	28S	28004372.763	26085.9080029352
11	17	28Cl	28028510	26108.391696791
20	9	29F	29043260	27053.625334766
19	10	29Ne	29019385.933	27031.3867822125
18	11	29Na	29002861	27015.9939046201
17	12	29Mg	28988600	27002.70986726
16	13	29Al	28980445.046	26995.1135757232
15	14	29Si	28976494.7	26991.4338517313
14	15	29P	28981800.606	26996.3762718654
13	16	29S	28996608.049	27010.169317656
12	17	29Cl	29014110	27026.472281751
21	9	30F	30052500	27993.72644025
20	10	30Ne	30024801.045	27967.9250270913
19	11	30Na	30008976	27953.1840910416
18	12	30Mg	29990434	27935.9123274394
17	13	30Al	29982960.256	27928.9505789985
16	14	30Si	29973770.171	27920.3900690425
15	15	30P	29978313.789	27924.6224224021
14	16	30S	29984903.249	27930.7604655143
13	17	30Cl	30004770	27949.266226857
12	18	30Ar	30021560	27964.906012796
22	9	31F	31060429	28932.6063569689
21	10	31Ne	31033110	28907.158869651
20	11	31Na	31013585.452	28888.9718683838
19	12	31Mg	30996546	28873.0997193786
18	13	31Al	30983946.619	28861.3634703134
17	14	31Si	30975363.227	28853.3680913075
16	15	31P	30973761.629	28851.8762122199
15	16	31S	30979554.728	28857.2724497591
14	17	31Cl	30992413.086	28869.2499343718
13	18	31Ar	31012123	28887.6096029743
22	10	32Ne	32040020	29845.089593882
21	11	32Na	32020466.56	29826.8756798873
20	12	32Mg	31998975	29806.8564185475
19	13	32Al	31988124.489	29796.749231569
18	14	32Si	31974148.082	29783.7302909093
17	15	32P	31973907.274	29783.5059796781
16	16	32S	31972070.999	29781.7955003496
15	17	32Cl	31985689.901	29794.4814272111
14	18	32Ar	31997637.984	29805.6109960319
13	19	32K	32021920	29828.229550672
23	10	33Ne	33049380	30785.302478658
22	11	33Na	33026719.756	30764.1945950674
21	12	33Mg	33005254	30744.1993700014
20	13	33Al	32990843.336	30730.7759215083
19	14	33Si	32978000.22	30718.8126347287
18	15	33P	32971725.543	30712.9678101238
17	16	33S	32971458.759	30712.7193024018
16	17	33Cl	32977451.887	30718.3018657744
15	18	33Ar	32989925.709	30729.9211573718
14	19	33K	33007260	30746.067947166
24	10	34Ne	34057028	31723.9206455348
23	11	34Na	34035170	31703.560047497
22	12	34Mg	34009456.424	31679.6080031631
21	13	34Al	33996851.837	31667.8669047397
20	14	34Si	33978575.524	31650.8426270104
19	15	34P	33973636.257	31646.2417289416
18	16	34S	33967866.902	31640.8676087983
17	17	34Cl	33973762.819	31646.3596206979
16	18	34Ar	33980271.244	31652.4221801857
15	19	34K	33998410	31669.318324381
14	20	34Ca	34014120	31683.952096692
24	11	35Na	35042493	32641.8754787913
23	12	35Mg	35017340	32618.445607694
22	13	35Al	34999860.235	32602.1633097271
21	14	35Si	34984583.575	32587.9331910694
20	15	35P	34973314.117	32577.4357574322
19	16	35S	34969032.161	32573.4471406817
18	17	35Cl	34968852.682	32573.2799570522
17	18	35Ar	34975257.585	32579.2460864078
16	19	35K	34988009.692	32591.1245988408
15	20	35Ca	35004940	32606.895080854
25	11	36Na	36051480	33581.740916268
24	12	36Mg	36023000	33555.2119643
23	13	36Al	36006207.204	33539.5695739035
22	14	36Si	35986599.477	33521.3050918886
21	15	36P	35978259.68	33513.5366201879
20	16	36S	35967080.76	33503.1235221635
19	17	36Cl	35968306.981	33504.2657397903
18	18	36Ar	35967545.105	33503.5560567914
17	19	36K	35981292.235	33516.3614272783
16	20	36Ca	35993087.063	33527.3482399708
15	21	36Sc	36014920	33547.685491972
26	11	37Na	37059340	34520.556559894
25	12	37Mg	37031400	34494.53061474
24	13	37Al	37010677.82	34475.2280263309
23	14	37Si	36992936.08	34458.7017001971
22	15	37P	36979608.946	34446.2875535062
21	16	37S	36971125.567	34438.3853360197
20	17	37Cl	36965902.591	34433.5201646912
19	18	37Ar	36966776.32	34434.3340380997
18	19	37K	36973375.889	34440.4814976858
17	20	37Ca	36985870.269	34452.1199389389
16	21	37Sc	37003050	34468.122757005
26	12	38Mg	38037570	35431.772033337
25	13	38Al	38017231.021	35412.8263943985
24	14	38Si	37995633.601	35392.7085250933
23	15	38P	37984156.827	35382.0179778252
22	16	38S	37971163.317	35369.9145999219
21	17	38Cl	37968010.425	35366.977699626
20	18	38Ar	37962732.394	35362.0612448899
19	19	38K	37969081.184	35367.975105317
18	20	38Ca	37976318.452	35374.7165777591
17	21	38Sc	37994700	35391.83888127
16	22	38Ti	38009770	35405.876497357
27	12	39Mg	39046772	36371.8377420452
26	13	39Al	39022970	36349.666319477
25	14	39Si	39002070.013	36330.1981048964
24	15	39P	38986179.475	36315.3961625036
23	16	39S	38975134.306	36305.1076527466
22	17	39Cl	38968008.164	36298.4696935178
21	18	39Ar	38964313.231	36295.0278852284
20	19	39K	38963706.679	36294.4628856191
19	20	39Ca	38970719.725	36300.9954965911
18	21	39Sc	38984790.002	36314.101876602
17	22	39Ti	39001610	36329.769605501
28	12	40Mg	40053930	37309.999476813
27	13	40Al	40031450	37289.059489445
26	14	40Si	40005869.121	37265.2310515837
25	15	40P	39991296.951	37251.6571612045
24	16	40S	39975451.728	37236.8974294668
23	17	40Cl	39970415.472	37232.2061867167
22	18	40Ar	39962383.12251	37224.7241005576
21	19	40K	39963998.475	37226.2287918715
20	20	40Ca	39962590.983	37224.9177213777
19	21	40Sc	39977967.407	37239.2407696128
18	22	40Ti	39990498.838	37250.9137236539
28	12	40Mg	40051906	37308.11413
27	13	40Al	40029619	37287.35392
26	14	40Si	40005829	37265.19368
25	15	40P	39991288.87	37251.64963
24	16	40S	39975482.56	37236.92615
23	17	40Cl	39970415.47	37232.20618
22	18	40Ar	39962383.12	37224.7241
21	19	40K	39963998.17	37226.2285
20	20	40Ca	39962590.87	37224.91761
19	21	40Sc	39977967.29	37239.24066
18	22	40Ti	39990498.72	37250.91361
17	23	40V	40013065	37271.93397
28	13	41Al	41035878	38224.67825
27	14	41Si	41013011	38203.37777
26	15	41P	40994654	38186.27833
25	16	41S	40979593.45	38172.24952
24	17	41Cl	40970684.53	38163.95091
23	18	41Ar	40964500.57	38158.19059
22	19	41K	40961825.26	38155.69855
21	20	41Ca	40962277.92	38156.12021
20	21	41Sc	40969251.1	38162.61568
19	22	41Ti	40983148	38175.56056
18	23	41V	41000344	38191.57853
29	13	42Al	42043049	39162.85209
28	14	42Si	42017681	39139.22195
27	15	42P	42001084	39123.76194
26	16	42S	41981065.1	39105.11445
25	17	42Cl	41973342	39097.92043
24	18	42Ar	41963045.74	39088.32952
23	19	42K	41962402.31	39087.73017
22	20	42Ca	41958617.83	39084.20495
21	21	42Sc	41965516.52	39090.63104
20	22	42Ti	41973049.02	39097.64752
19	23	42V	41991820	39115.13258
18	24	42Cr	42007225	39129.48224
30	13	43Al	43050478	40101.26626
29	14	43Si	43024800	40077.34735
28	15	43P	43005024	40058.92613
27	16	43S	42986907.64	40042.05084
26	17	43Cl	42974063.7	40030.08679
25	18	43Ar	42965636.06	40022.23649
24	19	43K	42960734.7	40017.67091
23	20	43Ca	42958766.43	40015.83747
22	21	43Sc	42961150.47	40018.05819
21	22	43Ti	42968522.52	40024.92521
20	23	43V	42980766	40036.32994
19	24	43Cr	42997885	40052.27619
30	14	44Si	44030610	41014.25343
29	15	44P	44011219	40996.19083
28	16	44S	43990118.85	40976.53617
27	17	44Cl	43978116.31	40965.35587
26	18	44Ar	43964923.82	40953.06714
25	19	44K	43961586.99	40949.9589
24	20	44Ca	43955481.54	40944.27172
23	21	44Sc	43959402.87	40947.92441
22	22	44Ti	43959689.95	40948.19183
21	23	44V	43974110	40961.62402
20	24	44Cr	43985657	40972.37998
19	25	44Mn	44007547	40992.77039
31	14	45Si	45040247	41954.72434
30	15	45P	45016747	41932.83423
29	16	45S	44995717	41913.24491
28	17	45Cl	44980394.35	41898.97196
27	18	45Ar	44968039.73	41887.4637
26	19	45K	44960691.49	41880.61886
25	20	45Ca	44956186.33	41876.42232
24	21	45Sc	44955907.5	41876.1626
23	22	45Ti	44958121.21	41878.22466
22	23	45V	44965768.95	41885.34848
21	24	45Cr	44979050	41897.7197
20	25	45Mn	44994364	41911.9846
19	26	45Fe	45014774	41930.99639
31	15	46P	46024659	42871.69831
30	16	46S	46000365	42849.0686
29	17	46Cl	45985121.32	42834.8692
28	18	46Ar	45968037.45	42818.95567
27	19	46K	45961981.59	42813.31467
26	20	46Ca	45953687.99	42805.58923
25	21	46Sc	45955167.49	42806.96738
24	22	46Ti	45952626.86	42804.6008
23	23	46V	45960197.97	42811.65324
22	24	46Cr	45968360.97	42819.25703
21	25	46Mn	45986506	42836.15902
20	26	46Fe	46000977	42849.63867
32	15	47P	47031895	43809.9327
31	16	47S	47007912	43787.59268
30	17	47Cl	46989501	43770.44294
29	18	47Ar	46972768.11	43754.85636
28	19	47K	46961661.61	43744.51072
27	20	47Ca	46954541.39	43737.87828
26	21	47Sc	46952402.7	43735.8861
25	22	47Ti	46951757.75	43735.28533
24	23	47V	46954904.04	43738.21608
23	24	47Cr	46962895.54	43745.66012
22	25	47Mn	46975774	43757.65632
21	26	47Fe	46992625	43773.35293
20	27	47Co	47011133	43790.59302
32	16	48S	48013700	44724.47827
31	17	48Cl	47995405	44707.43658
30	18	48Ar	47976080	44689.43546
29	19	48K	47965341.19	44679.43232
28	20	48Ca	47952522.9	44667.49217
27	21	48Sc	47952223.16	44667.21295
26	22	48Ti	47947940.93	44663.22409
25	23	48V	47952251.23	44667.2391
24	24	48Cr	47954028.67	44668.89477
23	25	48Mn	47968549.09	44682.42046
22	26	48Fe	47980676	44693.71661
21	27	48Co	48001610	44713.21651
20	28	48Ni	48018028	44728.50978
33	16	49S	49022644	45664.30365
32	17	49Cl	49001009	45644.15078
31	18	49Ar	48981546	45626.02111
30	19	49K	48968210.76	45613.59941
29	20	49Ca	48955662.88	45601.91113
28	21	49Sc	48950014.42	45596.64963
27	22	49Ti	48947864.63	45594.64711
26	23	49V	48948510.75	45595.24896
25	24	49Cr	48951332.96	45597.87783
24	25	49Mn	48959612.59	45605.59026
23	26	49Fe	48973429	45618.46017
22	27	49Co	48989393	45633.33054
21	28	49Ni	49008803	45651.41084
33	17	50Cl	50008309	46582.44478
32	18	50Ar	49985690	46561.37532
31	19	50K	49972380.02	46548.97715
30	20	50Ca	49957499.22	46535.11577
29	21	50Sc	49952176.42	46530.15761
28	22	50Ti	49944785.84	46523.27333
27	23	50V	49947155.85	46525.48098
26	24	50Cr	49946041.44	46524.44292
25	25	50Mn	49954237.39	46532.0774
24	26	50Fe	49962988	46540.22854
23	27	50Co	49981073	46557.07461
22	28	50Ni	49995577	46570.585
34	17	51Cl	51015341	47520.48915
33	18	51Ar	50992818	47499.50911
32	19	51K	50975827.87	47483.6829
31	20	51Ca	50960995.67	47469.86679
30	21	51Sc	50953592.1	47462.97041
29	22	51Ti	50946609.6	47456.46626
28	23	51V	50943956.87	47453.99525
27	24	51Cr	50944764.65	47454.7477
26	25	51Mn	50948208.07	47457.95522
25	26	51Fe	50956840.78	47465.99654
24	27	51Co	50970647	47478.85695
23	28	51Ni	50987225	47494.29926
34	18	52Ar	51998626	48436.41333
33	19	52K	51981602	48420.55557
32	20	52Ca	51963213.65	48403.42693
31	21	52Sc	51956582.35	48397.24992
30	22	52Ti	51946891.96	48388.22337
29	23	52V	51944772.84	48386.24943
28	24	52Cr	51940504.99	48382.27395
27	25	52Mn	51945563.49	48386.98591
26	26	52Fe	51948115.22	48389.36283
25	27	52Co	51963112	48403.33225
24	28	52Ni	51976028	48415.36342
23	29	52Cu	51997552	48435.4129
35	18	53Ar	53007290	49375.97789
34	19	53K	52986800	49356.89158
33	20	53Ca	52968451	49339.79959
32	21	53Sc	52958231.82	49330.28049
31	22	53Ti	52949724.79	49322.35623
30	23	53V	52944335.59	49317.33623
29	24	53Cr	52940646.96	49313.90029
28	25	53Mn	52941287.74	49314.49718
27	26	53Fe	52945305.57	49318.23976
26	27	53Co	52954203.22	49326.52787
25	28	53Ni	52968190	49339.55647
24	29	53Cu	52985754	49355.91724
35	19	54K	53994630	50295.67928
34	20	54Ca	53972989	50275.52081
33	21	54Sc	53963616.62	50266.7905
32	22	54Ti	53951022.79	50255.05941
31	23	54V	53946437.47	50250.78822
30	24	54Cr	53938878.01	50243.74663
29	25	54Mn	53940356.43	50245.12377
28	26	54Fe	53939608.31	50244.42689
27	27	54Co	53948459.19	50252.67144
26	28	54Ni	53957833	50261.40309
25	29	54Cu	53977015	50279.27101
24	30	54Zn	53993267	50294.40965
36	19	55K	55000760	51232.88344
35	20	55Ca	54980300	51213.82507
34	21	55Sc	54967622.6	51202.01614
33	22	55Ti	54955267.47	51190.50741
32	23	55V	54947241.11	51183.03091
31	24	55Cr	54940837.29	51177.06578
30	25	55Mn	54938043.17	51174.46308
29	26	55Fe	54938291.28	51174.69419
28	27	55Co	54941996.53	51178.14561
27	28	55Ni	54951329.96	51186.83965
26	29	55Cu	54966038	51200.5401
25	30	55Zn	54984358	51217.60507
37	19	56K	56008510	52171.59661
36	20	56Ca	55985080	52149.77171
35	21	56Sc	55973320	52138.81734
34	22	56Ti	55957788.19	52124.34955
33	23	56V	55950450.69	52117.51471
32	24	56Cr	55940649.11	52108.38459
31	25	56Mn	55938902.95	52106.75806
30	26	56Fe	55934935.62	52103.06251
29	27	56Co	55939838.15	52107.62919
28	28	56Ni	55942127.87	52109.76205
27	29	56Cu	55958515	52125.02657
26	30	56Zn	55972743	52138.27987
25	31	56Ga	55996361	52160.27989
37	20	57Ca	56992620	53088.28927
36	21	57Sc	56977460	53074.16782
35	22	57Ti	56963590.07	53061.24806
34	23	57V	56952320.2	53050.75024
33	24	57Cr	56943612.41	53042.63899
32	25	57Mn	56938285.97	53037.67744
31	26	57Fe	56935392.13	53034.98185
30	27	57Co	56936289.91	53035.81813
29	28	57Ni	56939791.53	53039.07986
28	29	57Cu	56949211.82	53047.85481
27	30	57Zn	56965056	53062.61357
26	31	57Ga	56983886	53080.1536
38	20	58Ca	57997940	54024.73892
37	21	58Sc	57984030	54011.78184
36	22	58Ti	57966602	53995.54776
35	23	58V	57956626.93	53986.25604
34	24	58Cr	57944184.5	53974.66599
33	25	58Mn	57940066.65	53970.83023
32	26	58Fe	57933273.74	53964.50268
31	27	58Co	57935751.43	53966.81064
30	28	58Ni	57935341.78	53966.42905
29	29	58Cu	57944532.41	53974.99007
28	30	58Zn	57954590.43	53984.35905
27	31	58Ga	57974729	54003.11801
26	32	58Ge	57992399	54019.57751
38	21	59Sc	58988940	54947.84958
37	22	59Ti	58972614	54932.642
36	23	59V	58959385.66	54920.31988
35	24	59Cr	58948377.81	54910.06613
34	25	59Mn	58940391.11	54902.62657
33	26	59Fe	58934873.65	54897.48709
32	27	59Co	58933193.66	54895.92218
31	28	59Ni	58934345.57	54896.99519
30	29	59Cu	58939496.84	54901.79357
29	30	59Zn	58949312.02	54910.93634
28	31	59Ga	58963757	54924.39176
27	32	59Ge	58982963	54942.28204
39	21	60Sc	59995650	55885.594
38	22	60Ti	59976028	55867.31622
37	23	60V	59964313.29	55856.40404
36	24	60Cr	59949898.15	55842.97642
35	25	60Mn	59943136.58	55836.67806
34	26	60Fe	59934070.41	55828.23298
33	27	60Co	59933815.67	55827.99568
32	28	60Ni	59930785.26	55825.17287
31	29	60Cu	59937363.92	55831.30086
30	30	60Zn	59941841.45	55835.47165
29	31	60Ga	59957498	55850.05564
28	32	60Ge	59970918	55862.55629
27	33	60As	59994128	55884.17627
40	21	61Sc	61001000	56822.07159
39	22	61Ti	60982448	56804.79052
38	23	61V	60967250	56790.63367
37	24	61Cr	60954400.96	56778.66487
36	25	61Mn	60944452.54	56769.39797
35	26	61Fe	60936746.24	56762.2196
34	27	61Co	60932476.15	56758.24203
33	28	61Ni	60931054.95	56756.91819
32	29	61Cu	60933457.37	56759.15603
31	30	61Zn	60939506.96	56764.79119
30	31	61Ga	60949398.86	56774.00544
29	32	61Ge	60964187	56787.7805
28	33	61As	60981857	56804.24
40	22	62Ti	61986581	57740.13448
39	23	62V	61972650	57727.15784
38	24	62Cr	61956097.45	57711.73923
37	25	62Mn	61947907.39	57704.11024
36	26	62Fe	61936791.81	57693.75615
35	27	62Co	61934058.32	57691.20991
34	28	62Ni	61928344.87	57685.88787
33	29	62Cu	61932594.92	57689.84677
32	30	62Zn	61934333.48	57691.46622
31	31	62Ga	61944189.76	57700.64729
30	32	62Ge	61955190	57710.89395
29	33	62As	61973891	57728.31382
41	22	63Ti	62993827	58678.37819
40	23	63V	62976500	58662.23819
39	24	63Cr	62961344.38	58648.12082
38	25	63Mn	62949664.68	58637.24124
37	26	63Fe	62940272.7	58628.49267
36	27	63Co	62933599.74	58622.27685
35	28	63Ni	62929669.14	58618.61552
34	29	63Cu	62929597.24	58618.54854
33	30	63Zn	62933211.17	58621.9149
32	31	63Ga	62939294.2	58627.5812
31	32	63Ge	62949628	58637.20708
30	33	63As	62964036	58650.62805
42	22	64Ti	63998900	59614.59776
41	23	64V	63982480	59599.30262
40	24	64Cr	63964058	59582.14264
39	25	64Mn	63953849.37	59572.63336
38	26	64Fe	63940987.76	59560.65285
37	27	64Co	63935810.29	59555.83006
36	28	64Ni	63927966.34	59548.52347
35	29	64Cu	63929763.86	59550.19785
34	30	64Zn	63929141.77	59549.61838
33	31	64Ga	63936840.37	59556.78957
32	32	64Ge	63941689.91	59561.3069
31	33	64As	63957560	59576.08979
30	34	64Se	63971336	59588.92205
42	23	65V	64987354	60535.33683
41	24	65Cr	64969705	60518.89689
40	25	65Mn	64956019.75	60506.14916
39	26	65Fe	64945015.32	60495.8986
38	27	65Co	64936462.07	60487.9313
37	28	65Ni	64930084.7	60481.99081
36	29	65Cu	64927789.49	60479.85283
35	30	65Zn	64929240.53	60481.20447
34	31	65Ga	64932734.4	60484.45899
33	32	65Ge	64939368.14	60490.63828
32	33	65As	64949611	60500.17944
31	34	65Se	64964552	60514.0969
43	23	66V	65993977	61473.00021
42	24	66Cr	65973462	61453.89061
41	25	66Mn	65960546.83	61441.86021
40	26	66Fe	65946249.96	61428.54275
39	27	66Co	65939442.95	61422.20206
38	28	66Ni	65929139.33	61412.60431
37	29	66Cu	65928868.81	61412.35232
36	30	66Zn	65926033.7	61409.71143
35	31	66Ga	65931589.83	61414.88693
34	32	66Ge	65933862.13	61417.00356
33	33	66As	65944148.78	61426.58552
32	34	66Se	65955276	61436.95046
44	23	67V	66999302	62409.45452
43	24	67Cr	66979946	62391.42452
42	25	67Mn	66964079	62376.6445
41	26	67Fe	66951035.48	62364.49454
40	27	67Co	66940609.63	62354.78292
39	28	67Ni	66931569.41	62346.36201
38	29	67Cu	66927729.53	62342.78518
37	30	67Zn	66927127.48	62342.22438
36	31	67Ga	66928202.38	62343.22564
35	32	67Ge	66932733.62	62347.44646
34	33	67As	66939251.11	62353.51747
33	34	67Se	66949994	62363.52441
32	35	67Br	66964798	62377.31424
44	24	68Cr	67984112	63326.79922
43	25	68Mn	67969533	63313.21897
42	26	68Fe	67953314.88	63298.11188
41	27	68Co	67944250.14	63289.66813
40	28	68Ni	67931868.79	63278.13498
39	29	68Cu	67929610.89	63276.03176
38	30	68Zn	67924844.29	63271.5917
37	31	68Ga	67927980.22	63274.5128
36	32	68Ge	67928095.31	63274.62
35	33	68As	67936774.13	63282.70428
34	34	68Se	67941825.24	63287.40935
33	35	68Br	67958356	63302.80766
45	24	69Cr	68990789	64264.51291
44	25	69Mn	68973408	64248.32261
43	26	69Fe	68958100	64234.0633
42	27	69Co	68946023.1	64222.81374
41	28	69Ni	68935610.27	64213.11424
40	29	69Cu	68929429.27	64207.35668
39	30	69Zn	68926550.42	64204.67505
38	31	69Ga	68925573.53	64203.76508
37	32	69Ge	68927964.47	64205.99223
36	33	69As	68932246.29	64209.98072
35	34	69Se	68939414.85	64216.65819
34	35	69Br	68950338.41	64226.83342
33	36	69Kr	68965180	64240.65828
46	24	70Cr	69995191	65200.10744
45	25	70Mn	69979066	65185.0871
44	26	70Fe	69960805	65168.07709
43	27	70Co	69949941	65157.95734
42	28	70Ni	69936431.3	65145.37313
41	29	70Cu	69932392.08	65141.61062
40	30	70Zn	69925319.18	65135.02226
39	31	70Ga	69926021.92	65135.67685
38	32	70Ge	69924248.71	65134.02512
37	33	70As	69930926.15	65140.24512
36	34	70Se	69933515.52	65142.6571
35	35	70Br	69944792.32	65153.16137
34	36	70Kr	69955877	65163.48669
46	25	71Mn	70983285	66120.51118
45	26	71Fe	70966259	66104.65156
44	27	71Co	70952366.92	66091.71117
43	28	71Ni	70940518.96	66080.67487
42	29	71Cu	70932676.83	66073.36997
41	30	71Zn	70927719.58	66068.75232
40	31	71Ga	70924702.54	66065.94196
39	32	71Ge	70924952.28	66066.1746
38	33	71As	70927113.76	66068.188
37	34	71Se	70932209.43	66072.93459
36	35	71Br	70939342.16	66079.57868
35	36	71Kr	70950265.7	66089.75389
34	37	71Rb	70965582	66104.02094
47	25	72Mn	71989372	67057.67528
46	26	72Fe	71969479	67039.14507
45	27	72Co	71956844	67027.37564
44	28	72Ni	71941785.93	67013.34913
43	29	72Cu	71935820.31	67007.79219
42	30	72Zn	71926842.81	66999.42971
41	31	72Ga	71926367.43	66998.9869
40	32	72Ge	71922075.83	66994.98929
39	33	72As	71926752.3	66999.34539
38	34	72Se	71927140.51	66999.70701
37	35	72Br	71936594.61	67008.51345
36	36	72Kr	71942092.41	67013.63462
35	37	72Rb	71958851	67029.24515
47	26	73Fe	72975416	67976.16945
46	27	73Co	72959830	67961.65118
45	28	73Ni	72946206.68	67948.96114
44	29	73Cu	72936674.38	67940.08186
43	30	73Zn	72929582.58	67933.47589
42	31	73Ga	72925174.68	67929.36996
41	32	73Ge	72923458.96	67927.77177
40	33	73As	72923829.09	67928.11655
39	34	73Se	72926754.88	67930.84191
38	35	73Br	72931671.62	67935.42182
37	36	73Kr	72939289.2	67942.51754
36	37	73Rb	72950529	67952.98736
35	38	73Sr	72965700	67967.11905
48	26	74Fe	73978969	68910.97315
47	27	74Co	73964766	68897.74314
46	28	74Ni	73947980	68882.10708
45	29	74Cu	73939874.86	68874.55719
44	30	74Zn	73929407.26	68864.80668
43	31	74Ga	73926945.73	68862.51377
42	32	74Ge	73921177.76	68857.14095
41	33	74As	73923928.6	68859.70334
40	34	74Se	73922475.94	68858.35019
39	35	74Br	73929910.28	68865.27524
38	36	74Kr	73933084.02	68868.23156
37	37	74Rb	73944265.87	68878.64738
36	38	74Sr	73956170	68889.73601
49	26	75Fe	74985357	69848.41763
48	27	75Co	74968170	69832.40804
47	28	75Ni	74952732	69818.02764
46	29	75Cu	74941522.61	69807.58615
45	30	75Zn	74932840.25	69799.49859
44	31	75Ga	74926500.25	69793.59291
43	32	75Ge	74922858.37	69790.20053
42	33	75As	74921594.56	69789.0233
41	34	75Se	74922522.87	69789.88801
40	35	75Br	74925810.57	69792.95048
39	36	75Kr	74930945.75	69797.73387
38	37	75Rb	74938573.2	69804.8388
37	38	75Sr	74949952.77	69815.4388
36	39	75Y	74965840	69830.23766
49	27	76Co	75973687	70769.0412
48	28	76Ni	75955308	70751.92127
47	29	76Cu	75945275.03	70742.57561
46	30	76Zn	75933114.96	70731.24858
45	31	76Ga	75928827.63	70727.25495
44	32	76Ge	75921402.73	70720.3387
43	33	76As	75922392.01	70721.26022
42	34	76Se	75919213.7	70718.29964
41	35	76Br	75924541.58	70723.26252
40	36	76Kr	75925910.73	70724.53788
39	37	76Rb	75935073.03	70733.07251
38	38	76Sr	75941762.76	70739.30396
37	39	76Y	75958690	70755.07158
50	27	77Co	76977440	71704.03119
49	28	77Ni	76960494	71688.24609
48	29	77Cu	76947800	71676.42171
47	30	77Zn	76936887.2	71666.2565
46	31	77Ga	76929154.3	71659.05335
45	32	77Ge	76923549.84	71653.83283
44	33	77As	76920647.56	71651.12937
43	34	77Se	76919914.15	71650.4462
42	35	77Br	76921379.19	71651.81088
41	36	77Kr	76924670	71654.87625
40	37	77Rb	76930401.6	71660.2152
39	38	77Sr	76937945.46	71667.24226
38	39	77Y	76950146	71678.60699
37	40	77Zr	76965604	71693.00603
50	28	78Ni	77963618	72622.65018
49	29	78Cu	77952230	72612.04233
48	30	78Zn	77938289.21	72599.05656
47	31	78Ga	77931608.85	72592.83384
46	32	78Ge	77922852.91	72584.67774
45	33	78As	77921827.8	72583.72285
44	34	78Se	77917309.24	72579.51385
43	35	78Br	77921145.86	72583.08763
42	36	78Kr	77920366.34	72582.36152
41	37	78Rb	77928141.87	72589.60437
40	38	78Sr	77932179.98	72593.36585
39	39	78Y	77943990	72604.36682
38	40	78Zr	77956146	72615.69006
51	28	79Ni	78970402	73560.46354
50	29	79Cu	78955190	73546.29365
49	30	79Zn	78942638.07	73534.6016
48	31	79Ga	78932852.3	73525.48621
47	32	79Ge	78925360.13	73518.5073
46	33	79As	78920948.45	73514.39784
45	34	79Se	78918499.25	73512.11643
44	35	79Br	78918337.6	73511.96586
43	36	79Kr	78920082.95	73513.59163
42	37	79Rb	78923989.86	73517.23091
41	38	79Sr	78929707.66	73522.557
40	39	79Y	78937930	73530.21606
39	40	79Zr	78949790	73541.26358
38	41	79Nb	78966022	73556.38359
52	28	80Ni	79975706	74496.89828
51	29	80Cu	79961138	74483.32828
50	30	80Zn	79944552.93	74467.87938
49	31	80Ga	79936420.77	74460.30433
48	32	80Ge	79925350.77	74449.99269
47	33	80As	79922474.55	74447.3135
46	34	80Se	79916521.79	74441.76854
45	35	80Br	79918529.81	74443.639
44	36	80Kr	79916378.05	74441.63465
43	37	80Rb	79922516.44	74447.35252
42	38	80Sr	79924517.54	74449.21653
41	39	80Y	79934354.76	74458.37984
40	40	80Zr	79941642	74465.16787
39	41	80Nb	79958754	74481.10759
52	29	81Cu	80966269	75419.60187
51	30	81Zn	80950402.62	75404.82243
50	31	81Ga	80938133.84	75393.39414
49	32	81Ge	80928832.94	75384.73041
48	33	81As	80922132.29	75378.48879
47	34	81Se	80917993.04	75374.6331
46	35	81Br	80916288.21	75373.04506
45	36	81Kr	80916589.71	75373.32591
44	37	81Rb	80918993.93	75375.56542
43	38	81Sr	80923211.39	75379.49397
42	39	81Y	80929454.28	75385.30918
41	40	81Zr	80938314	75393.56195
40	41	81Nb	80950230	75404.66164
39	42	81Mo	80965915	75419.27212
53	29	82Cu	81972818	76357.19633
52	30	82Zn	81954574.1	76340.20224
51	31	82Ga	81943176.53	76329.58548
50	32	82Ge	81929774.03	76317.10113
49	33	82As	81924738.73	76312.41077
48	34	82Se	81916699.54	76304.92231
47	35	82Br	81916801.76	76305.01753
46	36	82Kr	81913481.16	76301.92441
45	37	82Rb	81918209.02	76306.32839
44	38	82Sr	81918399.85	76306.50614
43	39	82Y	81926930.19	76314.4521
42	40	82Zr	81931689	76318.88491
41	41	82Nb	81944079	76330.42612
40	42	82Mo	81956661	76342.14618
53	30	83Zn	82961041	77277.72022
52	31	83Ga	82947120.3	77264.75317
51	32	83Ge	82934539.1	77253.03386
50	33	83As	82925206.9	77244.34097
49	34	83Se	82919118.61	77238.66976
48	35	83Br	82915175.29	77234.99658
47	36	83Kr	82914126.52	77234.01966
46	37	83Rb	82915114.18	77234.93966
45	38	83Sr	82917554.37	77237.21269
44	39	83Y	82922484.03	77241.80463
43	40	83Zr	82929240.93	77248.09864
42	41	83Nb	82938211	77256.45421
41	42	83Mo	82950252	77267.67033
40	43	83Tc	82966377	77282.69067
54	30	84Zn	83965722	78213.57465
53	31	84Ga	83952670	78201.41678
52	32	84Ge	83937575.09	78187.35597
51	33	84As	83929303.29	78179.65083
50	34	84Se	83918466.76	78169.55667
49	35	84Br	83916496.42	78167.72131
48	36	84Kr	83911497.73	78163.06506
47	37	84Rb	83914375.23	78165.74543
46	38	84Sr	83913419.12	78164.85482
45	39	84Y	83920671.06	78171.60996
44	40	84Zr	83923325.66	78174.08271
43	41	84Nb	83934279	78184.28568
42	42	84Mo	83941846	78191.33429
41	43	84Tc	83959527	78207.80404
55	30	85Zn	84972914	79151.76805
54	31	85Ga	84957220	79137.14918
53	32	85Ge	84942969.66	79123.87507
52	33	85As	84932163.66	79113.80935
51	34	85Se	84922260.76	79104.58486
50	35	85Br	84915645.76	79098.42302
49	36	85Kr	84912527.26	79095.51816
48	37	85Rb	84911789.74	79094.83116
47	38	85Sr	84912932.04	79095.89521
46	39	85Y	84916433.04	79099.15637
45	40	85Zr	84921443.2	79103.8233
44	41	85Nb	84928845.84	79110.71882
43	42	85Mo	84938260.74	79119.48874
42	43	85Tc	84950778	79131.1485
41	44	85Ru	84966774	79146.04868
55	31	86Ga	85963414	80074.41296
54	32	86Ge	85946967	80059.09267
53	33	86As	85936701.53	80049.53045
52	34	86Se	85924311.73	80037.98943
51	35	86Br	85918805.43	80032.86034
50	36	86Kr	85910610.63	80025.22693
49	37	86Rb	85911167.44	80025.7456
48	38	86Sr	85909260.73	80023.9695
47	39	86Y	85914886.1	80029.2095
46	40	86Zr	85916296.82	80030.52358
45	41	86Nb	85925781.54	80039.35854
44	42	86Mo	85931174.82	80044.38235
43	43	86Tc	85944637	80056.92229
42	44	86Ru	85957305	80068.72246
56	31	87Ga	86968599	81010.73685
55	32	87Ge	86952680	80995.9084
54	33	87As	86940291.72	80984.36879
53	34	87Se	86928688.62	80973.56057
52	35	87Br	86920674.02	80966.09502
51	36	87Kr	86913354.76	80959.27717
50	37	87Rb	86909180.53	80955.3889
49	38	87Sr	86908877.5	80955.10663
48	39	87Y	86910876.1	80956.96831
47	40	87Zr	86914817.34	80960.63955
46	41	87Nb	86920692.47	80966.11221
45	42	87Mo	86928196.2	80973.10188
44	43	87Tc	86938067.19	80982.29665
43	44	87Ru	86951132	80994.46645
56	32	88Ge	87956910	81931.34272
55	33	88As	87945550	81920.76095
54	34	88Se	87931417.49	81907.5966
53	35	88Br	87924083.29	81900.76483
52	36	88Kr	87914447.88	81891.78951
51	37	88Rb	87911315.59	81888.8718
50	38	88Sr	87905612.26	81883.55917
49	39	88Y	87909501.28	81887.18177
48	40	88Zr	87910220.71	81887.85192
47	41	88Nb	87918224.29	81895.30721
46	42	88Mo	87921967.78	81898.79425
45	43	88Tc	87933782.38	81909.79948
44	44	88Ru	87941664	81917.14116
43	45	88Rh	87960429	81934.62065
57	32	89Ge	88963790	82869.2455
56	33	89As	88949760	82856.17664
55	34	89Se	88936669.06	82843.9825
54	35	89Br	88926704.56	82834.70063
53	36	89Kr	88917835.45	82826.43911
52	37	89Rb	88912278.14	82821.2625
51	38	89Sr	88907450.81	82816.76587
50	39	89Y	88905841.21	82815.26654
49	40	89Zr	88908882.33	82818.09933
48	41	89Nb	88913445.27	82822.34968
47	42	89Mo	88919468.15	82827.95996
46	43	89Tc	88927648.65	82835.58004
45	44	89Ru	88937455	82844.7146
44	45	89Rh	88950767	82857.11465
58	32	90Ge	89968630	83805.24803
57	33	90As	89955630	83793.13861
56	34	90Se	89940096	83778.66878
55	35	90Br	89931292.85	83770.4687
54	36	90Kr	89919527.93	83759.50974
53	37	90Rb	89914798.8	83755.10459
52	38	90Sr	89907730.89	83748.52086
51	39	90Y	89907144.8	83747.97493
50	40	90Zr	89904698.76	83745.69646
49	41	90Nb	89911259.2	83751.80747
48	42	90Mo	89913931.27	83754.29649
47	43	90Tc	89924073.92	83763.74431
46	44	90Ru	89930344.38	83769.5852
45	45	90Rh	89944498	83782.76921
44	46	90Pd	89957370	83794.75941
58	33	91As	90960390	84729.06662
57	34	91Se	90945700	84715.38297
56	35	91Br	90934398.62	84704.8558
55	36	91Kr	90923806.31	84694.98913
54	37	91Rb	90916537.27	84688.21805
53	38	91Sr	90910195.96	84682.31116
52	39	91Y	90907298.07	84679.6118
51	40	91Zr	90905640.22	84678.06752
50	41	91Nb	90906990.27	84679.32509
49	42	91Mo	90911745.2	84683.75427
48	43	91Tc	90918424.98	84689.97645
47	44	91Ru	90926741.53	84697.72327
46	45	91Rh	90937123	84707.39355
45	46	91Pd	90950692	84720.03299
59	33	92As	91966740	85666.47571
58	34	92Se	91949840	85650.73346
57	35	92Br	91939631.6	85641.22439
56	36	92Kr	91926173.09	85628.68787
55	37	92Rb	91919728.48	85622.68475
54	38	92Sr	91911038.22	85614.58983
53	39	92Y	91908945.75	85612.6407
52	40	92Zr	91905035.32	85608.99816
51	41	92Nb	91907188.57	85611.0039
50	42	92Mo	91906807.16	85610.64861
49	43	92Tc	91915269.78	85618.5315
48	44	92Ru	91920234.38	85623.15599
47	45	92Rh	91932367.69	85634.45811
46	46	92Pd	91941406	85642.87723
45	47	92Ag	91960139	85660.32691
59	34	93Se	92956290	86588.23569
58	35	93Br	92943220	86576.06107
57	36	93Kr	92931147.17	86564.8153
56	37	93Rb	92922039.33	86556.33139
55	38	93Sr	92914024.31	86548.86545
54	39	93Y	92909578.42	86544.72413
53	40	93Zr	92906470.65	86541.82926
52	41	93Nb	92906373.16	86541.73845
51	42	93Mo	92906808.77	86542.14422
50	43	93Tc	92910245.15	86545.34519
49	44	93Ru	92917104.44	86551.73458
48	45	93Rh	92925912.78	86559.93949
47	46	93Pd	92936660	86569.95046
46	47	93Ag	92950330	86582.68399
60	34	94Se	93960490	87523.64207
59	35	94Br	93949114	87513.04539
58	36	94Kr	93934140.45	87499.09762
57	37	94Rb	93926394.82	87491.88261
56	38	94Sr	93915355.64	87481.59968
55	39	94Y	93911592.06	87478.09393
54	40	94Zr	93906312.52	87473.17607
53	41	94Nb	93907278.99	87474.07633
52	42	94Mo	93905083.59	87472.03133
51	43	94Tc	93909652.33	87476.28707
50	44	94Ru	93911342.86	87477.8618
49	45	94Rh	93921730.45	87487.53778
48	46	94Pd	93929036.29	87494.34312
47	47	94Ag	93943736	87508.03582
46	48	94Cd	93956908	87520.30546
61	34	95Se	94967300	88461.47964
60	35	95Br	94953010	88448.16859
59	36	95Kr	94939710.92	88435.78058
58	37	95Rb	94929262.57	88426.048
57	38	95Sr	94919355.84	88416.81994
56	39	95Y	94912818.71	88410.73064
55	40	95Zr	94908040.27	88406.27955
54	41	95Nb	94906831.12	88405.15323
53	42	95Mo	94905837.44	88404.22763
52	43	95Tc	94907652.29	88405.91815
51	44	95Ru	94910404.42	88408.48175
50	45	95Rh	94915897.9	88413.59889
49	46	95Pd	94924888.51	88421.97359
48	47	95Ag	94936020	88432.34251
47	48	95Cd	94949940	88445.30891
61	35	96Br	95959030	89385.27029
60	36	96Kr	95943016.62	89370.35392
59	37	96Rb	95934133.39	89362.07924
58	38	96Sr	95921712.69	89350.50943
57	39	96Y	95915902.95	89345.0977
56	40	96Zr	95908277.62	89337.99475
55	41	96Nb	95908101.59	89337.83077
54	42	96Mo	95904674.77	89334.63871
53	43	96Tc	95907866.68	89337.61196
52	44	96Ru	95907588.91	89337.35322
51	45	96Rh	95914451.71	89343.74587
50	46	96Pd	95918213.74	89347.25019
49	47	96Ag	95930743.91	89358.92196
48	48	96Cd	95940340	89367.86066
47	49	96In	95959323	89385.54321
62	35	97Br	96963440	90320.87228
61	36	97Kr	96949088.78	90307.5042
60	37	97Rb	96937177.12	90296.40856
59	38	97Sr	96926374.78	90286.34624
58	39	97Y	96918280.29	90278.80627
57	40	97Zr	96910957.39	90271.98503
56	41	97Nb	96908098.41	90269.32191
55	42	97Mo	96906016.9	90267.383
54	43	97Tc	96906360.72	90267.70327
53	44	97Ru	96907545.78	90268.80714
52	45	97Rh	96911327.88	90272.33014
51	46	97Pd	96916471.99	90277.12185
50	47	97Ag	96923965.33	90284.10185
49	48	97Cd	96935100	90294.47373
48	49	97In	96949340	90307.73821
63	35	98Br	97969672	91258.17145
62	36	98Kr	97952430	91242.11063
61	37	98Rb	97941632.32	91232.05265
60	38	98Sr	97928691.86	91219.99869
59	39	98Y	97922388.36	91214.12702
58	40	98Zr	97912735.12	91205.13508
57	41	98Nb	97910332.65	91202.89719
56	42	98Mo	97905403.61	91198.30582
55	43	98Tc	97907211.21	91199.98958
54	44	98Ru	97905286.71	91198.19693
53	45	98Rh	97910707.74	91203.24659
52	46	98Pd	97912698.34	91205.10082
51	47	98Ag	97921559.97	91213.35538
50	48	98Cd	97927389.32	91218.78538
49	49	98In	97942140	91232.52555
63	36	99Kr	98958390	92179.15643
62	37	99Rb	98945119.19	92166.79475
61	38	99Sr	98932880.51	92155.39449
60	39	99Y	98924154.29	92147.26607
59	40	99Zr	98916670.84	92140.29527
58	41	99Nb	98911609.37	92135.58055
57	42	99Mo	98907707.3	92131.94579
56	43	99Tc	98906249.68	92130.58803
55	44	99Ru	98905930.28	92130.29051
54	45	99Rh	98908124.69	92132.33459
53	46	99Pd	98911773.29	92135.73324
52	47	99Ag	98917645.77	92141.20342
51	48	99Cd	98924925.85	92147.98477
50	49	99In	98934110	92156.53975
49	50	99Sn	98948530	92169.9719