# Fusion cross sections for ELAB=  98.900, ECM=   7.376
     0.5   27.09       27.66      0.5716    
     1.5   103.3       105.2       1.933    
     2.5   184.8       188.2       3.373    
     3.5   231.7       238.3       6.596    
     4.5   217.1       223.5       6.429    
     5.5   176.1       180.7       4.581    
     6.5   118.2       120.0       1.840    
     7.5   59.39       60.02      0.6335    
     8.5   22.27       22.41      0.1449    
     9.5   5.190       5.222      0.3196E-01
    10.5   1.156       1.163      0.7106E-02
    11.5  0.2635      0.2651      0.1612E-02
    12.5  0.6133E-01  0.6170E-01  0.3729E-03
    13.5  0.1430E-01  0.1439E-01  0.8776E-04
    14.5  0.3320E-02  0.3341E-02  0.2102E-04
    15.5  0.7663E-03  0.7714E-03  0.5144E-05
    16.5  0.1758E-03  0.1771E-03  0.1303E-05
    17.5  0.4007E-04  0.4042E-04  0.3551E-06
    18.5  0.8984E-05  0.9182E-05  0.1981E-06
    19.5  0.1767E-05  0.2077E-05  0.3099E-06
    20.5  0.4103E-06  0.4677E-06  0.5744E-07
 &
