# 361 angles,  1 tensor ranks for 0=projectile
@subtitle   "25Al(d,n)26Si"                                                                 
@legend ON
@legend x1 0.2
@legend y1 0.8
@g0 type LOGY
@yaxis ticklabel format power
@legend string   0 "Lab energy =   98.9000"
#legend string   0 "Partition=  2 Excit=  3 near/far= 1"
#  Theta       sigma       iT11        T20         T21         T22         Kyy for projectile
   0.000       7.669    
  0.5000       7.662    
   1.000       7.644    
   1.500       7.613    
   2.000       7.569    
   2.500       7.514    
   3.000       7.447    
   3.500       7.368    
   4.000       7.279    
   4.500       7.179    
   5.000       7.070    
   5.500       6.951    
   6.000       6.823    
   6.500       6.687    
   7.000       6.543    
   7.500       6.393    
   8.000       6.237    
   8.500       6.075    
   9.000       5.909    
   9.500       5.738    
   10.00       5.565    
   10.50       5.389    
   11.00       5.211    
   11.50       5.033    
   12.00       4.854    
   12.50       4.675    
   13.00       4.498    
   13.50       4.322    
   14.00       4.148    
   14.50       3.976    
   15.00       3.808    
   15.50       3.644    
   16.00       3.483    
   16.50       3.327    
   17.00       3.176    
   17.50       3.029    
   18.00       2.888    
   18.50       2.752    
   19.00       2.622    
   19.50       2.497    
   20.00       2.379    
   20.50       2.266    
   21.00       2.159    
   21.50       2.058    
   22.00       1.963    
   22.50       1.874    
   23.00       1.790    
   23.50       1.712    
   24.00       1.640    
   24.50       1.572    
   25.00       1.510    
   25.50       1.453    
   26.00       1.400    
   26.50       1.351    
   27.00       1.307    
   27.50       1.267    
   28.00       1.231    
   28.50       1.198    
   29.00       1.168    
   29.50       1.142    
   30.00       1.118    
   30.50       1.097    
   31.00       1.078    
   31.50       1.061    
   32.00       1.046    
   32.50       1.033    
   33.00       1.021    
   33.50       1.011    
   34.00       1.001    
   34.50      0.9928    
   35.00      0.9850    
   35.50      0.9779    
   36.00      0.9712    
   36.50      0.9649    
   37.00      0.9587    
   37.50      0.9527    
   38.00      0.9467    
   38.50      0.9405    
   39.00      0.9342    
   39.50      0.9277    
   40.00      0.9209    
   40.50      0.9137    
   41.00      0.9061    
   41.50      0.8981    
   42.00      0.8897    
   42.50      0.8808    
   43.00      0.8715    
   43.50      0.8616    
   44.00      0.8513    
   44.50      0.8405    
   45.00      0.8292    
   45.50      0.8175    
   46.00      0.8054    
   46.50      0.7928    
   47.00      0.7799    
   47.50      0.7667    
   48.00      0.7531    
   48.50      0.7392    
   49.00      0.7251    
   49.50      0.7108    
   50.00      0.6963    
   50.50      0.6817    
   51.00      0.6669    
   51.50      0.6521    
   52.00      0.6373    
   52.50      0.6225    
   53.00      0.6078    
   53.50      0.5931    
   54.00      0.5785    
   54.50      0.5641    
   55.00      0.5499    
   55.50      0.5358    
   56.00      0.5220    
   56.50      0.5085    
   57.00      0.4952    
   57.50      0.4822    
   58.00      0.4696    
   58.50      0.4573    
   59.00      0.4454    
   59.50      0.4338    
   60.00      0.4226    
   60.50      0.4118    
   61.00      0.4014    
   61.50      0.3914    
   62.00      0.3818    
   62.50      0.3726    
   63.00      0.3638    
   63.50      0.3555    
   64.00      0.3475    
   64.50      0.3400    
   65.00      0.3329    
   65.50      0.3262    
   66.00      0.3198    
   66.50      0.3139    
   67.00      0.3083    
   67.50      0.3031    
   68.00      0.2982    
   68.50      0.2937    
   69.00      0.2895    
   69.50      0.2856    
   70.00      0.2820    
   70.50      0.2787    
   71.00      0.2756    
   71.50      0.2729    
   72.00      0.2703    
   72.50      0.2680    
   73.00      0.2659    
   73.50      0.2640    
   74.00      0.2623    
   74.50      0.2608    
   75.00      0.2594    
   75.50      0.2582    
   76.00      0.2570    
   76.50      0.2560    
   77.00      0.2551    
   77.50      0.2543    
   78.00      0.2535    
   78.50      0.2528    
   79.00      0.2522    
   79.50      0.2516    
   80.00      0.2510    
   80.50      0.2505    
   81.00      0.2499    
   81.50      0.2494    
   82.00      0.2488    
   82.50      0.2482    
   83.00      0.2476    
   83.50      0.2470    
   84.00      0.2463    
   84.50      0.2456    
   85.00      0.2448    
   85.50      0.2440    
   86.00      0.2431    
   86.50      0.2422    
   87.00      0.2412    
   87.50      0.2401    
   88.00      0.2389    
   88.50      0.2377    
   89.00      0.2364    
   89.50      0.2351    
   90.00      0.2336    
   90.50      0.2321    
   91.00      0.2306    
   91.50      0.2289    
   92.00      0.2272    
   92.50      0.2254    
   93.00      0.2235    
   93.50      0.2216    
   94.00      0.2196    
   94.50      0.2176    
   95.00      0.2155    
   95.50      0.2133    
   96.00      0.2111    
   96.50      0.2088    
   97.00      0.2065    
   97.50      0.2042    
   98.00      0.2018    
   98.50      0.1993    
   99.00      0.1969    
   99.50      0.1944    
   100.0      0.1918    
   100.5      0.1893    
   101.0      0.1867    
   101.5      0.1841    
   102.0      0.1815    
   102.5      0.1789    
   103.0      0.1763    
   103.5      0.1737    
   104.0      0.1711    
   104.5      0.1685    
   105.0      0.1659    
   105.5      0.1633    
   106.0      0.1608    
   106.5      0.1582    
   107.0      0.1557    
   107.5      0.1532    
   108.0      0.1507    
   108.5      0.1483    
   109.0      0.1459    
   109.5      0.1435    
   110.0      0.1411    
   110.5      0.1388    
   111.0      0.1366    
   111.5      0.1344    
   112.0      0.1322    
   112.5      0.1301    
   113.0      0.1280    
   113.5      0.1260    
   114.0      0.1241    
   114.5      0.1221    
   115.0      0.1203    
   115.5      0.1185    
   116.0      0.1167    
   116.5      0.1151    
   117.0      0.1134    
   117.5      0.1119    
   118.0      0.1104    
   118.5      0.1089    
   119.0      0.1075    
   119.5      0.1062    
   120.0      0.1049    
   120.5      0.1037    
   121.0      0.1025    
   121.5      0.1014    
   122.0      0.1004    
   122.5      0.9944E-01
   123.0      0.9852E-01
   123.5      0.9766E-01
   124.0      0.9686E-01
   124.5      0.9612E-01
   125.0      0.9543E-01
   125.5      0.9480E-01
   126.0      0.9422E-01
   126.5      0.9370E-01
   127.0      0.9323E-01
   127.5      0.9281E-01
   128.0      0.9244E-01
   128.5      0.9213E-01
   129.0      0.9186E-01
   129.5      0.9164E-01
   130.0      0.9147E-01
   130.5      0.9135E-01
   131.0      0.9127E-01
   131.5      0.9124E-01
   132.0      0.9125E-01
   132.5      0.9130E-01
   133.0      0.9139E-01
   133.5      0.9152E-01
   134.0      0.9169E-01
   134.5      0.9189E-01
   135.0      0.9213E-01
   135.5      0.9241E-01
   136.0      0.9272E-01
   136.5      0.9306E-01
   137.0      0.9343E-01
   137.5      0.9383E-01
   138.0      0.9426E-01
   138.5      0.9472E-01
   139.0      0.9520E-01
   139.5      0.9571E-01
   140.0      0.9624E-01
   140.5      0.9679E-01
   141.0      0.9737E-01
   141.5      0.9796E-01
   142.0      0.9858E-01
   142.5      0.9921E-01
   143.0      0.9986E-01
   143.5      0.1005    
   144.0      0.1012    
   144.5      0.1019    
   145.0      0.1026    
   145.5      0.1033    
   146.0      0.1040    
   146.5      0.1048    
   147.0      0.1055    
   147.5      0.1063    
   148.0      0.1070    
   148.5      0.1078    
   149.0      0.1086    
   149.5      0.1093    
   150.0      0.1101    
   150.5      0.1109    
   151.0      0.1117    
   151.5      0.1124    
   152.0      0.1132    
   152.5      0.1140    
   153.0      0.1148    
   153.5      0.1156    
   154.0      0.1163    
   154.5      0.1171    
   155.0      0.1179    
   155.5      0.1186    
   156.0      0.1194    
   156.5      0.1201    
   157.0      0.1208    
   157.5      0.1216    
   158.0      0.1223    
   158.5      0.1230    
   159.0      0.1237    
   159.5      0.1244    
   160.0      0.1251    
   160.5      0.1257    
   161.0      0.1264    
   161.5      0.1271    
   162.0      0.1277    
   162.5      0.1283    
   163.0      0.1289    
   163.5      0.1295    
   164.0      0.1301    
   164.5      0.1307    
   165.0      0.1312    
   165.5      0.1318    
   166.0      0.1323    
   166.5      0.1328    
   167.0      0.1333    
   167.5      0.1337    
   168.0      0.1342    
   168.5      0.1346    
   169.0      0.1351    
   169.5      0.1355    
   170.0      0.1359    
   170.5      0.1362    
   171.0      0.1366    
   171.5      0.1369    
   172.0      0.1372    
   172.5      0.1375    
   173.0      0.1378    
   173.5      0.1381    
   174.0      0.1383    
   174.5      0.1386    
   175.0      0.1388    
   175.5      0.1389    
   176.0      0.1391    
   176.5      0.1393    
   177.0      0.1394    
   177.5      0.1395    
   178.0      0.1396    
   178.5      0.1396    
   179.0      0.1397    
   179.5      0.1397    
   180.0      0.1397    
 END
