# Fusion cross sections for ELAB=  98.900, ECM=   7.376
     0.5   12.98      1
     0.5   27.09     -1
     1.5   52.89      1
     1.5   103.3     -1
     2.5   89.92      1
     2.5   184.8     -1
     3.5   120.8      1
     3.5   231.7     -1
     4.5   102.7      1
     4.5   217.1     -1
     5.5   94.67      1
     5.5   176.1     -1
     6.5   53.74      1
     6.5   118.2     -1
     7.5   34.65      1
     7.5   59.39     -1
     8.5   6.210      1
     8.5   22.27     -1
     9.5   3.803      1
     9.5   5.190     -1
    10.5  0.3186      1
    10.5   1.156     -1
    11.5  0.1887      1
    11.5  0.2635     -1
    12.5  0.1757E-01  1
    12.5  0.6133E-01 -1
    13.5  0.1019E-01  1
    13.5  0.1430E-01 -1
    14.5  0.9534E-03  1
    14.5  0.3320E-02 -1
    15.5  0.5465E-03  1
    15.5  0.7663E-03 -1
    16.5  0.5034E-04  1
    16.5  0.1758E-03 -1
    17.5  0.2860E-04  1
    17.5  0.4007E-04 -1
    18.5  0.2569E-05  1
    18.5  0.8984E-05 -1
    19.5  0.1348E-05  1
    19.5  0.1767E-05 -1
    20.5  0.9738E-07  1
    20.5  0.4103E-06 -1
 &
